((("monospace" .
   [0 0 0 1 0 0 0 0 0])
  ("bh@data" .
   [1 0 0 0 0 0 0])
  ("nbcosts" .
   [3 0 0 0 0 0 0])
  ("poly2nb" .
   [3 0 0 0 0 0 0])
  ("pc.fin.f$scores" .
   [1 0 0 0 0 0 0 0 0 0 0 0 0 0 0])
  ("b" .
   [1])
  ("readShapePoly" .
   [0 0 0 0 0 0 0 0 0 0 0 0 1])
  ("skater" .
   [1 0 0 0 0 0])
  ("desktop" .
   [1 0 0 0 0 0 0])
  ("john.kropf" .
   [1 0 0 0 0 0 0 0 0 0])
  ("users" .
   [1 0 0 0 0])
  ("c:" .
   [1 0])
  ("filter" .
   [3 0 0 0 0 0])
  ("attributes" .
   [1 0 0 0 0 0 0 0 0 0])
  ("readOGR" .
   [0 0 0 0 0 1 0])
  ("kbd" .
   [1 0 0])
  ("global-set-key" .
   [0 0 0 0 0 0 0 0 0 0 0 0 0 1])
  ("27" .
   [1 0])
  ("gal" .
   [1 0 0])
  ("mccarthy" .
   [1 0 0 0 0 0 0 0])
  ("You" .
   [1 0 0])
  ("text" .
   [2 0 0 0])
  ("matrix" .
   [1 0 0 0 0 0])
  ("setnames" .
   [3 0 0 0 0 0 0 0])
  ("clarkson" .
   [3 0 0 0 0 0 0 0])
  ("cbind" .
   [1 0 0 0 0])
  ("read.table" .
   [1 0 0 0 0 0 0 0 0 0])
  ("rbind" .
   [1 0 0 0 0])
  ("34" .
   [1 0])
  ("dfqqc2$zip" .
   [1 0 0 0 0 0 0 0 0 0])
  ("360" .
   [0 0 1])
  ("qqc_2" .
   [4 0 0 0 0])
  ("302" .
   [2 0 0])
  ("30" .
   [1 0])
  ("23" .
   [1 0])
  ("20" .
   [1 0])
  ("dfqqc2" .
   [4 0 0 0 0 0])
  ("qqc_3" .
   [1 0 0 0 0])
  ("18" .
   [1 0])
  ("zip" .
   [4 0 0])
  ("dfqqc3" .
   [1 0 1 0 0 1])
  ("q" .
   [1])
  ("integer" .
   [1 0 0 0 0 0 0])
  ("qqc" .
   [8 0 0])
  ("kmeans" .
   [1 0 0 0 0 0])
  ("powerline" .
   [1 0 0 0 0 0 0 0 0])
  ("data.table" .
   [11 0 0 0 0 0 0 0 0 0])
  ("sqlint" .
   [1 0 0 0 0 0])
  ("setq" .
   [3 0 0 0])
  ("mlr" .
   [1 0 0])
  ("View" .
   [9 0 0 0])
  ("warnings" .
   [1 0 0 0 0 0 0 0])
  ("znTSG" .
   [1 0 0 0 1])
  ("solarized-light" .
   [1 0 0 0 0 0 0 0 0 0 0 0 0 0 0])
  ("120" .
   [1 0 0])
  ("install.packages" .
   [0 0 0 0 0 0 0 0 0 0 2 0 3 1 1 2])
  ("setInternet2" .
   [0 0 0 0 0 0 0 0 0 0 0 1])
  ("100" .
   [2 0 0])
  ("1.1" .
   [1 0 0])
  ("0.77" .
   [1 0 0 0])
  ("0.88" .
   [1 0 0 0])
  ("1.05" .
   [1 0 0 0])
  ("12" .
   [1 0])
  ("0.95" .
   [0 0 0 1])
  ("heatmap" .
   [1 0 0 0 0 0 0])
  ("500" .
   [2 0 0])
  ("10" .
   [2 0])
  ("dev.off" .
   [1 0 0 0 0 0 0])
  ("pdf" .
   [1 0 0])
  ("my-package-directory" .
   [0 0 0 0 0 0 1 0 0 0 0 0 0 0 0 0 0 0 0 0])
  ("concat" .
   [1 0 0 0 0 0])
  ("groups.1" .
   [1 0 0 0 0 0 0 0])
  ("cutree" .
   [6 0 0 0 0 0])
  ("save.image" .
   [5 0 0 0 0 0 1 0 1 0])
  ("cluster2.test$mn" .
   [1 0 0 0 0 0 0 0 0 0 0 0 0 0 0 0])
  ("ocy" .
   [1 0 0])
  ("dt.inb" .
   [1 0 0 0 0 0])
  ("City" .
   [1 0 0 0])
  ("dst" .
   [1 0 0])
  ("merge" .
   [1 0 0 0 0])
  ("dt.iib" .
   [1 0 0 0 0 0])
  ("lapply" .
   [4 0 0 0 0 0])
  ("apply" .
   [3 0 0 0 0])
  ("head" .
   [8 0 0 0])
  ("dt.otb" .
   [3 0 0 0 0 0])
  ("str" .
   [52 0 1])
  ("setkey" .
   [4 0 0 0 0 1])
  ("zips" .
   [4 0 0 0])
  ("the" .
   [6 0 0])
  ("fortify" .
   [0 0 0 0 1 0 0])
  ("ggplot" .
   [0 0 0 0 0 1])
  ("Map" .
   [0 0 1])
  ("aes" .
   [1 0 0])
  ("long" .
   [0 0 1 0])
  ("ls" .
   [22 0])
  ("inb" .
   [2 0 0])
  ("options" .
   [1 0 0 0 0 0 0])
  ("by" .
   [1 0])
  ("join" .
   [4 0 0 0])
  ("ramp" .
   [1 0 0 0])
  ("i" .
   [1])
  ("sqlQuery" .
   [1 0 0 1 2 0 0 2])
  ("zp" .
   [1 0])
  ("data.frame" .
   [6 0 0 0 0 0 0 0 0 0])
  ("s" .
   [4])
  ("w" .
   [1])
  ("with" .
   [2 0 0 0])
  ("unique" .
   [11 0 0 0 0 0])
  ("nrow" .
   [9 0 0 0])
  ("names" .
   [5 0 0 0 0])
  ("tolower" .
   [2 0 0 0 0 0 0])
  ("qq" .
   [2 0])
  ("is.na" .
   [1 0 0 0 0])
  ("require" .
   [13 0 0 0 0 0 3])
  ("stringr" .
   [1 0 0 0 0 0 0])
  ("zpp$city" .
   [1 0 0 0 1 0 1 0])
  ("str_trim" .
   [1 0 0 0 0 0 0 0])
  ("zpp" .
   [2 0 0])
  ("JOLIET" .
   [1 0 0 0 0 0])
  ("gc" .
   [2 0])
  ("d.cluster" .
   [0 0 0 0 1 0 1 0 0])
  ("labels" .
   [0 0 0 0 0 1])
  ("order" .
   [1 0 0 0 0])
  ("plot" .
   [22 0 0 0])
  ("qq.in" .
   [1 0 0 0 0])
  ("hist" .
   [1 0 0 0])
  ("oramps" .
   [1 0 0 0 0 0])
  ("par" .
   [1 0 0])
  ("summary" .
   [1 0 0 0 0 0 0])
  ("dist.a" .
   [1 0 0 0 0 0])
  ("table" .
   [1 0 0 0 0])
  ("normal" .
   [1 0 0 0 0 0])
  ("0.98" .
   [1 0 0 0])
  ("load-theme" .
   [8 0 0 0 0 0 0 0 0 0])
  ("yesMiles" .
   [1 0 0 0 0 0 0 0])
  ("first" .
   [2 0 0 0 0])
  ("next" .
   [2 0 0 0])
  ("for" .
   [2 0 0])
  ("charcoal-black" .
   [0 0 0 0 0 0 0 1 0 0 0 0 0 0])
  ("family" .
   [1 0 0 0 0 0])
  ("c" .
   [12])
  ("cluster.test" .
   [0 0 0 0 0 0 0 0 0 0 0 1])
  ("this" .
   [2 0 0 0])
  ("match" .
   [3 0 0 0 0])
  ("REPORTING_CUST_NBR" .
   [0 0 0 0 0 0 0 0 0 0 0 0 0 0 0 0 0 3])
  ("CustomerID" .
   [3 0 0 0 0 0 0 0 0 0])
  ("dta_customers" .
   [0 0 0 1 0 0 0 1 2 0 0 0 3])
  ("ReportingCustomerID" .
   [0 0 0 0 0 0 1 0 0 0 0 0 0 0 0 0 0 0 2])
  ("CUST_NBR" .
   [0 0 0 0 0 0 0 2])
  ("dta_opportunities" .
   [0 0 0 0 0 2 1 0 0 0 1 0 0 0 0 0 1])
  ("which" .
   [1 0 0 0 0])
  ("update" .
   [1 0 0 0 0 0])
  ("sapply" .
   [3 0 0 0 0 0])
  ("function" .
   [1 0 0 0 0 0 0 0])
  ("dta_opportunities$REPORTING_CUST_NBR" .
   [0 0 0 0 0 0 0 0 0 0 0 0 0 0 0 0 0 0 0 0 0 0 0 0 0 0 0 0 0 0 0 0 0 0 0 1])
  ("dta_customers$ReportingCustomerID" .
   [0 0 0 0 0 0 0 0 0 0 0 0 0 0 0 0 0 0 0 0 0 0 0 0 0 0 0 0 0 0 0 0 1])
  ("dta_opportunities$IML_PRICE_VOLUME_TYPE" .
   [0 0 0 0 0 0 0 0 0 0 0 0 0 0 0 0 0 0 0 0 0 0 0 0 0 0 1 0 0 0 0 0 0 0 0 0 0 0 0])
  ("dta_opportunities$IML_PRICE_VOLUME" .
   [0 0 0 0 0 0 0 0 0 0 0 0 0 0 0 0 0 0 0 0 0 0 0 0 0 0 0 0 0 0 0 0 0 1])
  ("dta_opportunities$reporting_cust_nbr" .
   [0 0 0 0 0 0 0 0 0 0 0 0 0 0 0 0 0 0 0 0 0 0 0 0 0 0 0 1 0 0 0 0 0 0 0 0])
  ("dta_opportunities$iml_price_volume" .
   [0 0 0 0 0 0 0 0 0 0 0 0 0 0 0 0 0 0 0 0 0 0 0 0 0 0 0 0 0 0 0 0 0 1])
  ("iml_price_volume_type" .
   [0 0 0 0 1 0 0 0 0 0 0 0 0 0 0 0 0 0 0 0 0])
  ("writeWorksheet" .
   [0 0 0 0 0 0 0 0 0 0 0 0 0 2])
  ("writeWorksheetToFile" .
   [1 0 0 0 0 0 0 0 0 0 0 0 0 0 0 1 0 1 1 0])
  ("load" .
   [2 0 0 0])
  ("t" .
   [4])
  ("fin" .
   [4 0 0])
  ("fin_t" .
   [2 0 0 0 0])
  ("row.names" .
   [6 0 0 0 1 0 0 0 0])
  ("z3" .
   [1 0])
  ("as.dendrogram" .
   [2 0 0 0 0 0 0 0 0 0 1 0 1])
  ("miles" .
   [1 0 0 0 0])
  ("go" .
   [2 0])
  ("add1" .
   [0 0 1 0])
  ("princomp" .
   [1 0 0 0 0 0 0 0])
  ("dist" .
   [1 0 0 0])
  ("hclust" .
   [1 0 0 0 0 0])
  ("write.table" .
   [3 0 0 0 0 0 0 0 0 0 0])
  ("write.csv" .
   [3 0 0 0 0 0 0 0 1])
  ("qqd" .
   [3 0 0])
  ("metric" .
   [2 0 0 0 0 0])
  ("manhattan" .
   [1 0 0 0 0 0 0 0 0])
  ("agnes" .
   [1 0 0 0 0])
  ("diana" .
   [2 0 0 0 0])
  ("cut" .
   [2 0 0])
  ("qqdi" .
   [1 0 0 0])
  ("installed.packages" .
   [0 0 0 0 1 0 0 0 0 0 0 0 0 0 0 0 0 0])
  ("library" .
   [2 0 0 0 0 0 1])
  ("updateR" .
   [1 0 0 0 0 0 0])
  ("qqdi2" .
   [1 0 0 0 0])
  ("dian2" .
   [1 0 0 0 0])
  ("source" .
   [2 0 0 0 0 0])
  ("class" .
   [6 0 0 0 0])
  ("dta.ob" .
   [4 0 0 0 0 0])
  ("dta.ib" .
   [2 0 0 0 0 0])
  ("values" .
   [1 0 0 0 0 0])
  ("omkt" .
   [1 0 0 0])
  ("dmkt" .
   [1 0 0 0])
  ("n" .
   [1])
  ("length" .
   [4 0 0 0 0 0])
  ("km2$cluster" .
   [0 0 0 0 0 0 0 0 1 0 0])
  ("dt" .
   [4 0])
  ("cutreeDynamic" .
   [1 0 0 0 0 0 0 0 0 0 0 0 1])
  ("as.hclust" .
   [0 0 0 0 0 0 1 0 0])
  ("list" .
   [1 0 0 0])
  ("rm" .
   [5 0])
  ("as.matrix" .
   [1 0 0 0 0 0 0 0 0])
  ("dt.dyCut" .
   [0 0 0 0 0 0 1 0])
  ("numeric" .
   [1 0 0 0 0 0 0])
  ("dyCut" .
   [1 0 0 0 0])
  ("start" .
   [1 0 0 0 0])
  ("scaled_fin" .
   [2 0 0 0 0 0 0 0 0 0])
  ("scale" .
   [1 0 0 0 0])
  ("a" .
   [4])
  ("set" .
   [2 0 0])
  ("read.shp" .
   [2 0 0 0 0 0 0 0])
  ("identical" .
   [0 0 0 0 0 0 0 0 1])
  ("system.file" .
   [2 0 0 0 0 0 0 0 0 0 0])
  ("nbcost" .
   [1 0 0 0 0 1])
  ("skater.base" .
   [1 0 0 0 0 0 0 0 0 0 0])
  ("card" .
   [2 0 0 0])
  ("any" .
   [2 0 0])
  ("if" .
   [2 0])
  ("print" .
   [1 0 0 0 0])
  ("bh.nb" .
   [2 0 0 0 0])
  ("NULL" .
   [1 0 0 0])
  ("menu-bar-mode" .
   [0 0 0 0 0 0 0 0 0 1 0 0 0])
  ("This" .
   [1 0 0 0])
  ("setq-default" .
   [0 0 0 0 0 0 0 1 0 0 0 0])
  ("dt_otf" .
   [1 0 0 0 0 0])
  ("dt_c2" .
   [1 0 0 0 0])
  ("super" .
   [1 0 0 0 0])))
